# Created by Octave 8.4.0, Mon Nov 18 10:53:47 2024 CET <nkevinvi@nkevinvi-TabletEliteHP>
# name: A_0
# type: scalar
780


# name: A_1
# type: scalar
6.3999999999999997e-06


# name: B_0
# type: scalar
0


# name: B_1
# type: scalar
5.0400000000000017e-07


# name: C_0
# type: scalar
4.7096640000000001


# name: C_1
# type: scalar
0


# name: M
# type: scalar
70000000


# name: R_LAC1
# type: matrix
# rows: 634
# columns: 1
 0
 2.017399989068495e-05
 0.00014664141881465885
 0.0004239684479236592
 0.00085325559759139892
 0.0014345029458999511
 0.0021677105865478396
 0.0030528785820007269
 0.004090006557464599
 0.0052790935134887631
 0.006613065338134755
 0.0079009255065917924
 0.0090577846755981375
 0.010149081878662104
 0.011241101684570312
 0.012333121490478506
 0.013426711433410534
 0.014570338874816784
 0.015848502372741644
 0.017278267547607338
 0.01883898374938954
 0.020488147338867117
 0.022195528930663993
 0.023941217468261684
 0.025712122146606387
 0.027499619705200137
 0.029298035263061413
 0.031103640869140622
 0.032913981872558555
 0.034727433166503806
 0.036542935333251897
 0.038359784759521467
 0.040177521697997959
 0.041995846313476491
 0.043814550720214812
 0.045633502990722552
 0.04745262716674796
 0.049232532897949183
 0.050884712829589805
 0.052405900756835863
 0.053796080688476487
 0.055055264617919833
 0.05618344854736318
 0.057180624481201085
 0.058046808410644427
 0.058781984344482334
 0.059386168273925677
 0.0598593482055663
 0.06020152413940421
 0.060412708068847555
 0.06049288400268546
 0.060493615600585866
 0.060493615600585866
 0.060493615600585866
 0.060493615600585866
 0.060493615600585866
 0.060493615600585866
 0.060493615600585866
 0.060493615600585866
 0.060493615600585866
 0.060493615600585866
 0.060493615600585866
 0.060493615600585866
 0.060493615600585866
 0.060493615600585866
 0.060493615600585866
 0.060493615600585866
 0.060493615600585866
 0.060493615600585866
 0.060493615600585866
 0.060493615600585866
 0.06076830862426752
 0.060873762664794835
 0.06112830276489252
 0.061534791351318341
 0.062093244415283147
 0.062803661956787091
 0.063666027984619025
 0.064680370483398364
 0.065846649475097552
 0.067164916931152313
 0.068633085998535043
 0.070220845336914001
 0.071887793151855436
 0.073606880310058562
 0.075360292602539
 0.077136260498046866
 0.078927108215331915
 0.080727734558105432
 0.082534789367675665
 0.084346097839355427
 0.086160164794921862
 0.087976086730956915
 0.089793208007812486
 0.091611120849609359
 0.093429553405761673
 0.095248329772949183
 0.097067338012695237
 0.098886498168945236
 0.10070577026367186
 0.10246282855224605
 0.10408889483642567
 0.10558397711181629
 0.10694805139160149
 0.10818111767578124
 0.10929345031738275
 0.11039243029785149
 0.11156496185302731
 0.11288213391113273
 0.11434926354980461
 0.11593633526611316
 0.11760284332275379
 0.11932163464355461
 0.12107482305908192
 0.1228506630249023
 0.12464141479492186
 0.12644198516845692
 0.12824900799560543
 0.13006027648925775
 0.13187433544921873
 0.1336902493896481
 0.13550736267089811
 0.13732527551269433
 0.13914370007324184
 0.14096249243163994
 0.14278150866699185
 0.14460066882324185
 0.14641982897949185
 0.14823914904785057
 0.15005862902831932
 0.15184822143554622
 0.15351370605468748
 0.15504817468261683
 0.1564516433105462
 0.15772409594726494
 0.15886554858398369
 0.15987603320312499
 0.16075548583984373
 0.16150393847656247
 0.16212137512206931
 0.16260782775878807
 0.16296329638671872
 0.16318774902343749
 0.16328120166015622
 0.16328409606933558
 0.16328409606933558
 0.16328409606933558
 0.16328409606933558
 0.16328409606933558
 0.16328409606933558
 0.16328409606933558
 0.16328409606933558
 0.16328409606933558
 0.16328409606933558
 0.16328409606933558
 0.16328409606933558
 0.16328409606933558
 0.16328409606933558
 0.16328409606933558
 0.16328409606933558
 0.16328409606933558
 0.16328409606933558
 0.16328409606933558
 0.16328409606933558
 0.16330427006922626
 0.16343073748815026
 0.16370806451725925
 0.164137351666927
 0.16471859901523556
 0.16545180665588344
 0.16633697465133632
 0.16737410262680019
 0.16856318958282437
 0.16989716140747035
 0.17118502157592738
 0.17234188074493373
 0.1734331779479977
 0.1745251977539059
 0.1756172175598141
 0.17671080750274612
 0.17785443494415237
 0.17913259844207724
 0.18056236361694292
 0.18212307981872511
 0.18377224340820272
 0.18547962499999959
 0.18722531353759728
 0.18899621821594198
 0.19078371577453573
 0.19258213133239699
 0.19438773693847622
 0.19619807794189414
 0.1980115292358394
 0.19982703140258748
 0.20164388082885704
 0.20346161776733354
 0.20527994238281208
 0.20709864678955039
 0.20891759906005816
 0.21073672323608356
 0.21251662896728477
 0.21416880889892539
 0.21568999682617146
 0.21708017675781208
 0.21833936068725543
 0.21946754461669879
 0.22046472055053667
 0.22133090447998002
 0.22206608041381792
 0.22267026434326129
 0.2231434442749019
 0.2234856202087398
 0.22369680413818316
 0.22377698007202104
 0.22377771166992147
 0.22377771166992147
 0.22377771166992147
 0.22377771166992147
 0.22377771166992147
 0.22377771166992147
 0.22377771166992147
 0.22377771166992147
 0.22377771166992147
 0.22377771166992147
 0.22377771166992147
 0.22377771166992147
 0.22377771166992147
 0.22377771166992147
 0.22377771166992147
 0.22377771166992147
 0.22377771166992147
 0.22377771166992147
 0.22377771166992147
 0.22377771166992147
 0.2240524046936031
 0.22415785873413041
 0.22441239883422812
 0.22481888742065392
 0.22537734048461872
 0.22608775802612266
 0.22695012405395459
 0.22796446655273397
 0.22913074554443316
 0.2304490130004879
 0.23191718206787065
 0.23350494140624958
 0.23517188922119103
 0.23689097637939416
 0.2386443886718746
 0.24042035656738245
 0.24221120428466753
 0.24401183062744103
 0.24581888543701128
 0.24763019390869101
 0.24944426086425744
 0.2512601828002925
 0.25307730407714807
 0.25489521691894496
 0.25671364947509728
 0.25853242584228475
 0.26035143408203082
 0.26217059423828082
 0.26398986633300747
 0.26574692462158167
 0.26737299090576128
 0.26886807318115191
 0.2702321474609371
 0.27146521374511678
 0.27257754638671838
 0.27367652636718709
 0.27484905792236292
 0.27616622998046836
 0.27763335961914026
 0.27922043133544877
 0.28088693939208942
 0.28260573071289025
 0.28435891912841754
 0.28613475909423791
 0.28792551086425744
 0.28972608123779253
 0.29153310406494104
 0.29334437255859336
 0.29515843151855431
 0.29697434545898371
 0.29879145874023366
 0.30060937158202988
 0.30242779614257742
 0.30424658850097558
 0.30606560473632743
 0.30788476489257743
 0.30970392504882743
 0.31152324511718615
 0.31334272509765493
 0.3151323175048818
 0.31679780212402303
 0.31833227075195242
 0.31973573937988181
 0.32100819201660058
 0.3221496446533193
 0.32316012927246057
 0.32403958190917931
 0.32478803454589805
 0.32540547119140489
 0.32589192382812365
 0.32624739245605427
 0.32647184509277305
 0.32656529772949178
 0.32656819213867117
 0.32656819213867117
 0.32656819213867117
 0.32656819213867117
 0.32656819213867117
 0.32656819213867117
 0.32656819213867117
 0.32656819213867117
 0.32656819213867117
 0.32656819213867117
 0.32656819213867117
 0.32656819213867117
 0.32656819213867117
 0.32656819213867117
 0.32656819213867117
 0.32656819213867117
 0.32656819213867117
 0.32656819213867117
 0.32656819213867117
 0.32656819213867117
 0.32658836613856185
 0.32671483355748582
 0.32699216058659486
 0.32742144773626258
 0.32800269508457114
 0.32873590272521902
 0.32962107072067193
 0.33065819869613577
 0.33184728565215993
 0.33318125747680594
 0.33446911764526299
 0.33562597681426931
 0.33671727401733331
 0.33780929382324149
 0.33890131362914971
 0.33999490357208173
 0.34113853101348796
 0.34241669451141282
 0.34384645968627853
 0.34540717588806069
 0.34705633947753833
 0.34876372106933518
 0.35050940960693283
 0.35228031428527756
 0.35406781184387132
 0.35586622740173257
 0.3576718330078118
 0.35948217401122973
 0.36129562530517495
 0.36311112747192309
